17.5
16.6
17.5
15.7
17.1
15.8
15.1
17.2
16.9
15.5
15.3
16.8
16.7
15
16.8
16.6
14.5
15.6
16.1
16.4
15.7
14.6
15.8
15.1
15.1
14.8
13.9
15.6
15.5
14.8
13.7
14.2
13.4
13.7
13.9
15
14.8
13.3
14
13.4
13.6
14.8
13.6
13
13.9
13.1
14.6
12.7
14.3
13.1
13
14.6
14.4
15.5
16.7
16.8
16
17
18.9
17.1
19.4
18.4
17.2
17.4
18.7
22.4
18.9
17.3
17.5
22.6
19.7
19.9
23.8
19
19.9
19.7
21.4
19.3
18.8
20.4
17.2
20.3
19.3
20.2
15.3
20.2
22.4
17.2
17.6
14.7
16.2
19.9
15.7
18.4
14.4
16.1
13.9
14.9
13.8
16.2
14.8
13.7
13.8
16
15.6
14.6
13.6
13.2
14.5
12.7
14.7
15.5
12.9
15.5
14
14
13.8
13.9
15
12.4
13.4
13.8
14.6
12.5
14
13.7
12.7
13.6
12.7
13.7
13.3
14.1
12.9
13.3
14.4
12.2
12.4
12.8
14.6
13.1
13.3
12.8
12.3
14
13.3
14.5
13.1
13.6
14.3
15.3
14.7
16.2
18.4
16.7
18.8
17.1
19.3
19.1
19.9
18.8
20.5
20
18.5
19.5
20.7
20.4
20.5
18.3
20.5
18.3
17.7
21.6
17.2
20.4
20.1
15.5
16.6
17.8
20.8
20.5
22.4
18
19.8
15.6
18.8
15.2
18.6
17.1
16.8
16
18
14.9
14.7
14.6
13.9
17.3
13.4
16.3
14
14.4
15.1
14.9
13.6
13.8
14.9
14.3
14.9
13.1
15
0
15
14.9
13
14.6
13
14.6
14.7
14
14.1
14.7
13.1
14.7
12.5
13.3
13.8
13.4
12.7
12.2
14
12.3
13.8
12.5
13.6
12
13.5
12.4
13.1
12.2
12.2
13.2
11.8
12.3
13.3
12.4
13.3
14.9
14
16.4
15.8
16.1
14.9
17.5
17.8
19.1
16.3
18.4
17.8
18.5
19.2
17.9
17.1
19.3
18.1
19
16.5
18.9
17.4
20.8
20.4
19.6
17.7
21.1
18.4
19.5
17.6
18.7
18.3
19.2
19.1
18.1
19.4
17.5
18.7
18.7
17.7
16.2
17.1
17.8
17.9
15.8
16.8
16.4
16.3
15.9
15.8
15.6
15.7
15.5
15.6
15.1
15.8
14.9
16.6
15.5
14.7
14.7
14.8
15.2
16.5
15
16.4
14.5
14.5
14.1
15.7
13.7
14.2
14
14.7
15.6
14
16
14.7
14.2
14
14.4
15.8
14
14.5
13.8
14.3
14.4
15.1
12.8
13.5
14.8
13.5
13.1
14.3
15.1
13.8
15.4
17.1
15.3
15.8
16.2
17.2
16.8
16.2
19.4
17.6
18.4
18.4
18.7
19.1
17.9
18
17.9
19.1
20.7
18.4
18.1
21.1
18.9
17.6
18.4
18.3
19.8
17.1
19.3
18.1
19
16.7
18.5
19.6
18.4
16.3
18.1
15.4
18.2
18.7
14.8
17.3
17.7
17.3
14.2
14.4
16.8
16.9
14.2
14.4
16.8
16.9
13.8
17
16.8
14.4
13.8
17
16.8
14.4
16.6
16.7
13.6
14
16.6
16.7
13.6
14
16.3
14.4
13.4
16.1
16.3
14.4
13.4
16.1
15.9
14.8
14.3
13.1
15.9
14.8
14.3
13.1
14.8
13.1
14
14.2
14.8
13.1
14
14.2
14.7
14.4
13.5
13.9
14.7
14.4
13.5
13.9
13.9
12.9
14
13.9
13.9
12.9
14
13.9
14.4
13
13.3
13.2
14.4
13
13.3
13.2
14.3
13.4
12.7
12.8
14.3
13.4
12.7
12.8
13.9
13.1
12.6
13
13.9
13.1
12.6
13
13.4
13.8
12.2
13.3
13.4
13.8
12.2
13.3
14.1
14.1
12.9
13.7
14.1
14.1
12.9
13.7
15.8
15.8
14.3
15
15.8
15.8
14.3
15
15.8
17.1
17.4
16.6
15.8
17.1
17.4
16.6
19.5
17.9
16.5
18
19.5
17.9
16.5
18
18.2
19.5
17.4
17.8
18.2
19.5
17.4
17.8
19.6
19.3
20.6
17.8
19.6
19.3
20.6
17.8
17.8
17.3
18.4
17.2
17.8
17.3
18.4
17.2
18.1
18.2
16.3
18.3
18.1
18.2
16.3
18.3
18.9
17.2
17.1
18.4
18.9
17.2
17.1
18.4
17.8
17.4
18.1
15.1
17.8
17.4
18.1
15.1
17.2
16.4
17.3
14.8
17.2
16.4
17.3
14.8
16.5
16.4
16.4
14.3
16.5
16.4
16.4
14.3
13.7
15.1
15.1
15.3
14.8
14.8
13.8
14.5
13.5
14
14.2
12.6
13.7
13.9
0
12.7
14.4
14.3
13.9
12.4
13.8
14.1
12.6
12.3
13.3
13.6
15
12.2
13
13.1
12.9
16.7
12.4
13.2
13.7
13.2
12.6
18.4
13.3
13.2
12.4
12.7
17.6
13.9
13.6
15
15.8
15
14.1
16.9
16.7
17.5
15.3
17.7
15.8
17.4
17.3
17.6
18.4
18.1
20
17.6
15.9
18
17.9
21.9
19.2
17
16.7
18.5
19.9
20
18.7
16.6
18.3
18.4
15.9
18.8
18
18.4
18.3
17.7
16.8
17.6
16.9
16
17.9
16.9
16.3
15.6
15.3
16.3
15.4
14.9
15.9
16.3
14.8
15.7
15.3
15.6
15.9
14.6
15.6
14.8
14.4
15.3
14.7
15.6
15.3
14.4
15.6
14.2
13.9
15.4
14.9
14.1
14.2
14.1
14.8
15.6
13.5
14.7
13.8
15.3
13.6
15
14.1
13.5
13.1
15
13.5
14.4
14.8
13.5
14.3
13.6
14.2
13.8
14.9
15.2
15.8
15.4
16.6
15.2
16.9
18
17.2
17.8
20.4
16.9
18.1
19
19.2
18.6
18.1
18.4
19.7
19.9
19.4
18.3
18.5
19.5
20.1
20
20.9
21.2
23
20.6
23.1
21.4
20.8
19.2
19.7
18.6
22
16.6
16.6
18.9
19.1
18.4
18
17.7
16.9
18.4
16.2
14.8
17.1
16.9
17.1
17
16
15.3
15.6
14.8
16.6
16
14.5
15.9
15.3
15.8
15.4
14
14.5
15.5
15.3
14.4
14.8
13.3
13.9
15.2
15.3
14
13.7
13.4
14.6
14.8
13.2
13
14.2
14.2
12.9
14
12.8
14.2
13.8
12.7
12.6
13.6
13.4
13.3
12.4
13.3
14.9
12
14.4
13
14.8
13.5
16.8
15.3
18.1
17
16.9
17.5
18.9
21.4
19.1
19.6
20
18.5
19.3
18.2
20.2
18.5
21.4
20.6
20.3
21.8
21.9
20.3
22.6
19
21.7
20.7
21.2
22
21
20
21.2
20.4
19.7
21.7
20.6
20.3
19.5
19.1
19.3
19.5
17.9
17.8
16.9
15.7
16.4
18.3
16
17.6
15.2
15.8
16
15.2
16.4
15.5
15
16.1
14.4
15.7
15.2
14.4
15.8
14.2
14
15.7
14.8
14
13.9
14.1
14.1
15.2
15.2
14.3
14.2
14.1
13.9
15
14.2
13.7
13.3
14.8
14.1
14.1
13.3
14.5
12.2
13.7
12.8
14.3
12.9
12.2
13.6
12.3
13.8
14.4
17.8
14.4
16.1
15.2
17
17.6
18
16.3
19.9
18.5
17.5
16.2
17.6
18.5
17.1
20.9
20.1
19.6
17.6
15.9
19.4
16.3
18.2
17.9
21.9
16.5
24.4
18
16.5
20.1
21.8
18.5
19.4
19.5
20.6
18.8
20.9
18.5
19.6
19.8
18.9
17.6
17.3
17.5
17.1
15.2
16.9
13.6
15.2
16.5
14.6
15.2
14.1
16.4
14.6
14.5
14.9
13.6
16
15.2
14.7
14.8
15.4
13.3
14.7
15.3
12.6
13.6
13.6
15.3
14.6
15
13
14.2
14.5
15
13.1
14.4
14.5
14
13.7
13.6
13.3
11.9
13.1
13.5
13.7
12.5
13.2
13.6
13
12.6
12.9
13.2
13.6
14.4
16.6
14.6
17.6
16.7
19.1
17.3
17.8
17
18.4
18
19.9
21.3
18.3
17
22.1
18.9
20.7
20.7
18.3
19.4
21.5
18.7
19.2
16.9
17.1
17.7
20
20.3
18.2
17.4
17.4
19.2
16.9
15.2
16.8
20.2
17.1
14.8
14.8
16.2
13.7
16.9
14.8
15.8
16
13.3
15.2
14.1
15.9
13.2
14
14.2
14
13.2
15.1
14
14
13.1
15.1
14
13.2
14
15.3
14.3
14.1
12.9
15.3
14.4
14
12.8
14.4
15
14.4
13.5
14
14
13.7
14.2
14.4
13.4
13.6
13.9
13
13.9
13.6
13.3
13.7
12.6
13.4
13.8
12.3
13.2
12.7
13.6
13.9
13
13.4
14.4
13.8
14
14.7
16.9
14.4
15.3
20
17.9
15.8
17
17.4
18.1
19.1
17.1
19.7
20.1
20
16.7
16.6
20.5
21
20.5
17.6
16.3
20.3
19
20.8
18.7
17.9
20
17.1
20.1
18.7
17.9
18.4
16.8
18.1
16
14.8
16.2
17.1
17
13.2
16
16.7
14.4
13.9
15.9
16.4
13.4
13.3
14.8
15.4
16.2
15.1
14.3
13
16.3
15.2
12.8
16.3
13.7
13.2
15.3
12.5
15.9
12.1
13.4
15.9
15.1
12.1
15.9
14.9
13.5
13.1
11.9
13.8
15.2
18.8
12
14.6
13
11.8
12.7
13.4
15
11.6
13.2
13.2
14.5
14.7
12.4
13.5
13.8
14.4
16.6
15.4
16.1
18.6
16.2
18.8
16.8
18.3
16.8
18.2
18.3
17.5
20.3
19.4
18.3
19.4
17.4
20.5
19.5
20.1
17.6
20.1
18.2
19.3
16.6
21.9
17.6
20.2
14.9
16.3
19.4
17.2
18.9
18.8
19.2
19.5
18.2
16.3
18.1
15.5
17.4
17.4
16.5
14.9
17
16.1
15.2
16
14.5
15.1
16.7
16.5
15
14.5
16
14.8
14.4
15.6
16
15.3
14.9
15.4
14.2
14
15
15.1
15.2
14.9
15.1
14.9
14.1
13.5
14.5
13.8
14.6
14.8
13.5
14.2
14.5
13.5
14.6
14.7
14.2
14.5
13.3
14.1
17.5
14
13.5
12.9
14.3
12.5
14.8
14.2
13.5
13.2
15.8
14.4
15.8
17.6
18.2
14.8
19
17.9
16.6
17.5
18.2
18.3
18.4
20.4
18.4
19.3
18.1
19.8
19
19.8
18.9
19.8
19.9
17.7
17.4
15.7
17.5
18.7
17.3
17.6
19.8
18.2
17.7
17.1
15.8
17.2
15.9
17.2
15.3
16.3
16.6
14.2
15.7
16.3
15.4
14.7
15.2
16.4
15.4
16
14.5
15.9
15.3
15.9
14.3
15.2
15.6
13.8
15.6
13.8
15.2
15.2
15.1
13.7
13.4
15.2
15.2
14.8
14.8
13.5
14.3
13.2
14.6
14.3
13.9
12.9
14.4
13.8
13.5
14.4
14.5
15.2
15.3
15.9
15.3
16.9
16.3
17.3
16.5
20.4
16.3
20.1
18.1
17
20.6
19
19.3
18.5
20.7
16.9
15.4
16.9
19.2
22.6
22.8
18.6
18.1
16.8
18.3
20.9
20.1
20.4
19
19.3
18.8
18.7
17.8
17.5
16.5
15.8
17
17
15.4
16.8
16.6
16.7
14.8
16.3
16.3
16.6
16.2
13.9
16.5
13.9
16.3
16
13.6
16.3
15.6
14
15.5
15.9
14
15.1
15.2
14.3
14.8
13.8
13.7
12.8
16.2
13.5
12.3
13.4
13.1
13
11.9
13.1
12.2
13.5
13
14
15.7
15.3
16.2
17.9
15.4
17.8
16.7
19.1
19.3
20.2
16.2
22
18.5
16.2
21.3
21.1
22.9
16
19.7
17
23.3
21.6
20.8
16.7
20.5
22.3
18.5
18.7
16.9
17
18.4
18.1
17.5
15.3
17.8
15.9
17
14.9
16.9
14.4
16.4
16.4
16
16.1
14.3
15.2
14.2
15.3
15.8
14
15.3
15.1
15.3
15
14.7
14.3
14.2
14.9
14.5
14.8
13.7
14.4
14.3
13.6
14.5
13.5
14.3
14.3
13.7
14.4
14.3
14.3
13.7
14.2
13.5
15.1
14.5
14.5
15.9
17.2
18.1
19.3
16.9
14.4
18.3
14.5
19.5
17.9
15.4
19.5
17.7
19.3
16.2
19.5
15.6
18.5
18.7
18.1
18.3
16.5
15
17.3
16.4
17
16.3
16.1
14.9
15.3
16
14.6
16
14.6
13.9
15.1
14.4
15.9
14.1
15.2
14.7
14
14.9
14.9
15
13.9
14.1
13.8
15
14.6
14.6
14.6
14.6
13.6
13.9
14.4
14.4
12.9
14.4
13
14
14.3
12.9
14.2
14.2
13.1
14.3
14.2
14.1
14.1
14.2
13
14.4
13.9
14
18.2
13.1
13.8
19.2
14
12.8
13
13.9
14.3
14.8
15
14.5
13.7
16.7
16.8
15.9
17
17.8
17.4
18.2
18.9
18.2
19.2
17.7
20.4
17.5
18.6
19.3
19.6
20.3
19.5
17.7
17.5
18.3
16.1
18.4
21.3
18.6
17.9
20.8
14.4
19.9
19
16.1
19.3
18.5
16.3
17.5
18
14
17.9
15.3
14.1
17
17.1
16.1
16.6
16.4
13.1
13.7
13.5
13.4
16.2
15.9
13.5
13.2
15.8
16
16
12.8
15.4
14
12.6
15.5
13.4
15.3
12.7
13.1
15.1
14.8
14.7
13.5
12.8
14.8
14.4
14.3
12.6
13.5
14.1
14.3
13.9
12.8
14.1
13.9
12.5
13.4
13.7
19.5
12.6
13.9
13.7
14.1
12.7
12.2
14.6
13.8
12.7
15.1
18.3
15.6
16.4
16.5
17.8
17.5
19.4
18.6
20.5
18.9
19.5
19.7
20.4
20.1
18.2
19.8
19.2
20.7
20.8
19.5
18.7
18.3
19.7
20.3
17.8
20
21.6
18.9
18.7
17.3
21.2
18.6
19.2
20.6
17.9
17
18.6
17.8
16.8
19.1
17.6
18.3
15.9
17.2
15.5
14.9
16.9
16.5
14.8
14.7
15.6
15.4
15.2
14.2
13.9
15
15.2
15.7
13.6
14.7
13.9
13.6
15.4
14.9
14.9
13.2
14
14.6
15.1
14.8
13.7
14.2
14.2
15.2
14.2
13.3
13.3
15.2
14.7
14.6
12.8
14.4
14.1
14.9
14.2
19.2
12.9
14.7
18.9
14.7
13.8
13
15.2
13.4
14.3
20.4
14.6
21.2
15.7
15.3
16.4
15.6
21.2
17.1
18.4
18.8
19.2
18.2
16.8
16.5
16.1
16.2
15.9
16.1
16
15.8
15.7
15.1
14.8
14.5
15.1
17.1
19.7
19.8
20.3
20.7
23.2
21.5
19.6
19.9
20.1
18.5
16.8
16.1
15.8
15.2
15
14.6
15.1
14.7
14.9
14.4
14.7
14.7
17.4
20.5
20.6
20.8
22
21.4
22.2
22.7
22.7
20.7
18
17.7
16.9
16.1
15.7
14.8
15
14.6
14.6
13.6
13.5
13.7
14.4
14.2
15.2
18.1
18.4
20.8
20.9
21.6
22.1
22.7
22.3
21.8
20.9
19.4
17.8
16.6
16.1
15.9
15.4
15.5
15.1
14.9
14.6
14.2
14.9
21.3
21.1
22.7
14.5
14.9
21.6
19.9
19.7
20.5
19.4
17.1
16.9
16.2
15.7
14.6
14.4
14.8
14.5